-36.7516702639 -2.59562091002 0.262864152901
-121.708708965 -59.9007199735 0.503583183512
-244.754931753 -142.912194143 0.921613091603
-401.145543526 -248.400092901 1.46097317245
-588.436448663 -374.787717286 2.43338708673
-804.681370903 -520.667718643 3.54249791801
-1048.38392674 -685.120743948 4.08887986559
-1318.3864927 -867.321471403 4.24943339173
-1613.82494087 -1066.72991671 5.32449318189
41.1050706854 3.53295122783 0.195682357065
134.141372077 -39.8792981799 0.320552100427
268.357301757 -102.452696177 0.532130949199
439.404431945 -182.216007981 -0.272855518386
644.158010068 -277.721219754 -0.586675870232
880.28503635 -387.959958794 0.236540748738
1147.06342796 -512.264372878 1.45166752953
1442.31915513 -650.008566956 2.16630260088
1765.22692268 -800.657448109 6.09036783222
-4.36941373234 77.1760065437 -0.178514914587
-11.3356363182 156.914955856 -0.575664374977
-22.8202592626 288.029809463 -1.24588743411
-37.6565384729 457.470532417 -2.08290509973
-55.4127720224 660.494429831 -3.13737630472
-75.9393052493 894.845456813 -4.33572087158
-99.0595075058 1158.99184055 -5.48249510583
-124.674776083 1451.63309339 -6.38200418558
-152.707548239 1771.74035533 -7.360321071
